Cost: 7856.963135349194
Route:
344.0 842.0
278.0 784.0
367.0 539.0
391.0 577.0
562.0 545.0
508.0 595.0
460.0 664.0
446.0 709.0
466.0 743.0
534.0 747.0
669.0 665.0
778.0 586.0
750.0 478.0
711.0 378.0
663.0 365.0
644.0 342.0
605.0 294.0
539.0 305.0
516.0 341.0
584.0 251.0
664.0 253.0
674.0 233.0
848.0 124.0
872.0 163.0
789.0 101.0
843.0 238.0
875.0 233.0
913.0 265.0
982.0 274.0
999.0 84.0
821.0 258.0
595.0 462.0
601.0 418.0
514.0 445.0
282.0 439.0
276.0 349.0
305.0 289.0
361.0 293.0
395.0 259.0
412.0 188.0
379.0 170.0
315.0 81.0
445.0 50.0
242.0 207.0
205.0 180.0
1.0 33.0
21.0 113.0
49.0 148.0
226.0 386.0
145.0 343.0
58.0 460.0
213.0 465.0
241.0 584.0
198.0 660.0
148.0 714.0
73.0 728.0
94.0 982.0
287.0 868.0
591.0 917.0
694.0 806.0
864.0 856.0
916.0 860.0
926.0 854.0
895.0 990.0
